bootstrap_series,hidden_size,learning_rate,dropout,rmse,s_score,mape,r2,training_time
1,160.0,0.00047,0.4,21.447749320796678,3400.12914648713,45.324999206699495,0.7666583061218262,2938.486469268799
2,32.0,0.00151,0.4,21.264066461073185,2411.8602414676197,45.460163647788434,0.7706379890441895,2551.2221789360046
3,256.0,0.00054,0.30000000000000004,23.251752233618735,4945.63300004752,55.095477060503285,0.7257540225982666,3634.626566886902
4,128.0,0.00788,0.2,22.068707767987416,3996.348987499433,60.079807926809295,0.7529512643814087,3140.330359697342
5,160.0,0.00053,0.30000000000000004,20.29682838957312,2244.463942072836,37.44618638183241,0.7910293936729431,3302.699393749237
6,128.0,0.00032,0.5,20.26304827730224,2762.05029000006,41.213045817163355,0.7917243838310242,3309.9938938617706
7,224.0,0.00044,0.4,21.47637564146612,3761.8169811276885,48.83507929338013,0.7660350203514099,3726.633987903595
8,160.0,0.00037,0.4,20.13884983570507,2514.6872815573615,44.528259639785986,0.7942697405815125,3648.334426879883
9,224.0,0.00033,0.4,23.263910541682502,4231.551751217551,51.093562732208184,0.7254671454429626,3338.6043486595154
10,160.0,0.00612,0.30000000000000004,24.655824220024567,4466.65199221216,68.37356372488861,0.6916329860687256,3321.8318259716034
