bootstrap_series,hidden_size,learning_rate,dropout,rmse,s_score,mape,r2,training_time
1,224.0,0.00788,0.5,47.733242630375265,237245.98293428373,178.44890451393942,-0.1557680368423462,366.8892023563385
2,224.0,0.00788,0.4,47.6268529295921,230463.6143889468,177.86846745675123,-0.15062189102172852,322.82358837127686
3,224.0,0.00788,0.2,32.82362258143273,16223.898393145098,119.50262895922721,0.45348531007766724,317.8822383880615
4,224.0,0.00047,0.5,22.205889433964714,3730.917526796227,50.400973301188834,0.7498703002929688,360.02582263946533
5,224.0,0.00047,0.4,21.858182479284356,3589.729150077048,52.17391199855952,0.7576422691345215,363.9547746181488
6,224.0,0.00047,0.2,22.092396946906096,3970.330683057874,47.10799251207135,0.7524205446243286,380.3306233882904
7,224.0,0.00044,0.5,22.81868222273289,3652.702286862347,52.09303976495908,0.7358747124671936,378.0182511806488
8,224.0,0.00044,0.4,24.030508859404712,4283.149895782202,53.59436423905228,0.7070760726928711,316.6404159069061
9,224.0,0.00044,0.2,22.893048855861473,4417.271388619974,51.44321224816038,0.7341502904891968,316.1003940105438
10,224.0,0.00033,0.5,22.54724372140723,4513.979807443902,53.29513953971998,0.7421211004257202,323.6471412181854
11,224.0,0.00033,0.4,22.341633089831724,3704.6535078322304,45.965630205529365,0.7468029260635376,367.63004541397095
12,224.0,0.00033,0.2,24.055966666519655,6658.916482655205,57.31598361107929,0.7064551115036011,359.60261702537537
13,224.0,0.00032,0.5,22.858572814018594,3455.3819782476085,51.784967198403585,0.7349504232406616,326.3356223106384
14,224.0,0.00032,0.4,22.204736742613857,4228.607682514932,52.93927438395016,0.7498962879180908,329.6282958984375
15,224.0,0.00032,0.2,23.305503894253132,5039.9042103801885,55.61975989469741,0.7244845628738403,325.01374769210815
16,160.0,0.00788,0.5,47.45962942046468,220005.10702188467,176.94136912224153,-0.1425560712814331,251.4564244747162
17,160.0,0.00788,0.4,23.316478068894778,3282.0806784867877,65.39819414206856,0.7242250442504883,245.99668049812317
18,160.0,0.00788,0.2,27.91783351384336,6587.2910549010985,97.64344442134065,0.6046404242515564,272.1316571235657
19,160.0,0.00047,0.5,22.632935483292048,3726.011398539339,45.995443068668706,0.7401572465896606,266.12142181396484
20,160.0,0.00047,0.4,22.09420409855485,4119.823187677686,48.465208016511845,0.7523800730705261,262.46330976486206
21,160.0,0.00047,0.2,23.36140273382333,4701.121762134597,57.612671122093865,0.7231613397598267,256.56176924705505
22,160.0,0.00044,0.5,21.65504134194163,3136.211302147756,48.498577361053755,0.7621260285377502,251.01784420013428
23,160.0,0.00044,0.4,22.98075109772942,3983.152441460533,47.816587102684124,0.732109546661377,270.0641851425171
24,160.0,0.00044,0.2,22.64882632667463,4682.898730408998,48.1505726449947,0.7397922277450562,262.3909819126129
25,160.0,0.00033,0.5,20.919219109038046,3799.554534255386,46.875598189791404,0.7780169248580933,303.9042055606842
26,160.0,0.00033,0.4,21.99121314396764,3662.3947849298956,49.884256496586346,0.754683256149292,314.6812560558319
27,160.0,0.00033,0.2,21.119018814025285,3543.9275405053354,45.26006260568262,0.7737563848495483,279.75265622138977
28,160.0,0.00032,0.5,23.11638533253133,3254.4492855484996,54.74693497936772,0.7289379239082336,255.55642414093018
29,160.0,0.00032,0.4,21.824037922801544,4098.097950020716,42.814886146162486,0.7583987712860107,253.51339840888977
30,160.0,0.00032,0.2,24.707585871638074,5783.424728395457,53.13399634541211,0.6903368234634399,251.33403658866882
31,128.0,0.00788,0.5,24.572074184647818,6856.444010643281,73.40495013701018,0.6937243342399597,238.54910445213318
32,128.0,0.00788,0.4,23.365749495930128,3445.384415997506,71.67842668038638,0.7230583429336548,243.38546633720398
33,128.0,0.00788,0.2,23.881130563143262,7110.114323163608,62.87841339933057,0.7107065320014954,243.43436336517334
34,128.0,0.00047,0.5,21.521392678924457,3400.6314548182663,48.5941803212299,0.7650531530380249,251.77450275421143
35,128.0,0.00047,0.4,21.700330085932887,3069.0836654109107,47.16997496102291,0.7611300349235535,251.58809423446655
36,128.0,0.00047,0.2,21.886559521132565,3873.135051071565,48.66110596735443,0.7570125460624695,245.38691210746765
37,128.0,0.00044,0.5,23.2122687477715,4061.3067217145162,52.856658905992546,0.7266846299171448,212.85799908638
38,128.0,0.00044,0.4,22.645680745316877,4319.752292756845,53.309770480209636,0.7398644685745239,210.92203736305237
39,128.0,0.00044,0.2,22.660964210631473,4357.85988272283,45.09771257703446,0.7395132780075073,232.64636278152466
40,128.0,0.00033,0.5,22.581590361404977,3882.9461641961334,51.67971322060141,0.741334855556488,240.61567282676697
41,128.0,0.00033,0.4,23.94208169716047,5258.413415332344,48.673055169762925,0.7092279195785522,225.52362990379333
42,128.0,0.00033,0.2,21.866098714054885,3865.567257493071,47.278524828346995,0.7574666738510132,211.79386019706726
43,128.0,0.00032,0.5,19.834855784153373,2976.461825689405,43.99578026592614,0.8004338145256042,242.15647411346436
44,128.0,0.00032,0.4,20.605508211352415,3423.2698008766806,46.51652592942149,0.7846248745918274,270.04567670822144
45,128.0,0.00032,0.2,21.647472041064,3874.638752138471,45.166098746886476,0.7622923254966736,264.52808356285095
