bootstrap_series,hidden_size,learning_rate,dropout,rmse,s_score,mape,r2,training_time
1,224.0,0.0031192006208398,0.4,27.175234191664952,128910.49329308282,44.41206497610593,0.6253933906555176,768.2942066192627
2,224.0,0.0031192006208398,0.3,22.176589854620374,4163.39829670038,49.66455990362264,0.750529944896698,768.784200668335
3,224.0,0.0031192006208398,0.2,21.923471957374872,3737.826214244425,45.165971804536866,0.7561922073364258,756.7468600273132
4,224.0,0.0031192006208398,0.1,21.640859667274245,3222.1521207764154,38.804504055238375,0.7624374628067017,726.3905262947083
5,224.0,0.001208384017501,0.4,23.470220342903172,4838.431111057932,48.0962757199228,0.7205763459205627,759.3652427196503
6,224.0,0.001208384017501,0.3,28.31574982172786,13539.536468192513,52.542994615099026,0.593289852142334,787.4103615283966
7,224.0,0.001208384017501,0.2,23.297127805950016,4419.94218241736,42.69896910940916,0.7246825695037842,784.6930687427521
8,224.0,0.001208384017501,0.1,22.752047437482645,4159.88732287596,49.609413960266544,0.737415075302124,810.5330240726471
9,224.0,0.0008099417447575,0.4,20.6762045746815,3114.813751629159,44.40553289494526,0.783144474029541,824.3017749786377
10,224.0,0.0008099417447575,0.3,20.90665970588252,3614.195925924143,41.95967007772545,0.778283417224884,816.8766267299652
11,224.0,0.0008099417447575,0.2,22.420235703463014,4687.043318936392,49.16927935839016,0.7450181841850281,805.2806446552277
12,224.0,0.0008099417447575,0.1,23.527035101063255,5193.948636004357,41.887173837920656,0.719221830368042,782.3363630771637
13,224.0,0.0005836745650629,0.4,21.896472410822977,3021.2350280221435,45.34682534729264,0.756792426109314,770.0918481349945
14,224.0,0.0005836745650629,0.3,21.36941147165404,3955.245786551308,49.13694627783819,0.7683597803115845,769.1503524780273
15,224.0,0.0005836745650629,0.2,21.42809885362917,3683.8323253743165,48.66023272578682,0.7670857310295105,773.4798357486725
16,224.0,0.0005836745650629,0.1,23.480647501761485,3683.971581754099,44.567798934032155,0.7203279733657837,786.5904550552368
17,224.0,0.0003797611986912,0.4,34.70438245790294,673687.4793213746,42.43346055750591,0.38906151056289673,789.4327194690704
18,224.0,0.0003797611986912,0.3,25.327563769332397,7054.595180592709,43.47522312516686,0.6746013760566711,795.8414361476898
19,224.0,0.0003797611986912,0.2,22.387716614107703,4035.749749158298,41.82141939913233,0.7457573413848877,776.0733294487
20,224.0,0.0003797611986912,0.1,24.626538179072686,7994.463329806449,39.36568981910659,0.6923651099205017,780.6637313365936
21,224.0,0.0002914413069737,0.4,21.57221304304584,3814.9117320500163,46.0365608450373,0.7639422416687012,771.35369348526
22,224.0,0.0002914413069737,0.3,21.020958939794617,3617.7251748515614,39.225459421298346,0.7758525013923645,784.7251522541046
23,224.0,0.0002914413069737,0.2,20.77999881637081,3025.2045172222042,38.961212717156414,0.7809617519378662,780.9076509475708
24,224.0,0.0002914413069737,0.1,21.88685314559313,3786.2365545490193,41.44545365389579,0.757006049156189,698.6404597759247
25,192.0,0.0031192006208398,0.4,21.98441742634412,3567.103693054589,48.33047018252661,0.754834771156311,627.3850581645966
26,192.0,0.0031192006208398,0.3,22.68232077016172,4110.642743667606,47.23165244996832,0.7390220165252686,622.9158763885498
27,192.0,0.0031192006208398,0.2,26.806098073284865,9294.032420428994,53.32266479742176,0.6355012059211731,635.0476040840149
28,192.0,0.0031192006208398,0.1,23.710334100289987,4640.5316276617095,44.73207516577722,0.7148297429084778,625.3197453022003
29,192.0,0.001208384017501,0.4,26.012442486995027,8040.75495172614,53.243650576737686,0.656765341758728,618.8858394622803
30,192.0,0.001208384017501,0.3,24.059620934651573,5015.267486744096,40.402802842779494,0.7063659429550171,607.0540163516998
31,192.0,0.001208384017501,0.2,22.200068934080072,3282.6411350651697,46.58600423769147,0.7500014305114746,613.751378774643
32,192.0,0.001208384017501,0.1,24.16318341756695,5354.693521620574,48.152253852405366,0.7038326859474182,612.2663886547089
33,192.0,0.0008099417447575,0.4,23.07393005702652,3808.0578055115993,46.68510772922898,0.7299326658248901,1094.2347519397736
34,192.0,0.0008099417447575,0.3,25.80085853738997,12460.365769098255,44.16246062775983,0.6623263359069824,1083.230141878128
35,192.0,0.0008099417447575,0.2,22.92884892378919,5273.9656843599605,46.51911147095416,0.7333182096481323,1022.2167370319366
36,192.0,0.0008099417447575,0.1,23.072476879226016,4404.587731533471,44.785614931037834,0.7299667000770569,971.7246973514557
37,192.0,0.0005836745650629,0.4,22.520057985782177,8587.258032915217,52.628796913161004,0.7427425980567932,925.545028924942
38,192.0,0.0005836745650629,0.3,22.389961221724075,4126.277305800714,44.30880589284339,0.74570631980896,879.2548160552979
39,192.0,0.0005836745650629,0.2,21.315169589164604,3603.878155798685,42.491803235968966,0.7695342302322388,829.5825283527374
40,192.0,0.0005836745650629,0.1,23.755803782784817,4726.471762260817,41.292484716313595,0.7137349843978882,804.5889039039612
41,192.0,0.0003797611986912,0.4,21.59512735091192,4371.286940177466,39.95492671959498,0.7634404897689819,774.8845291137695
42,192.0,0.0003797611986912,0.3,21.97096045437278,3704.7001438853085,41.6713464253059,0.7551348805427551,748.5903432369232
43,192.0,0.0003797611986912,0.2,22.442524671958015,5035.815047917422,41.0710709905214,0.7445109486579895,725.8627588748932
44,192.0,0.0003797611986912,0.1,21.167537621798576,3850.666216323024,45.55456531795019,0.7727156281471252,699.6559615135193
45,192.0,0.0002914413069737,0.4,21.548074508853,3496.936167985222,41.69730384541559,0.7644702196121216,672.3692226409912
46,192.0,0.0002914413069737,0.3,21.128398382239283,3375.0405673192463,37.4107819366093,0.7735553979873657,656.4555866718292
47,192.0,0.0002914413069737,0.2,21.16996176431923,3688.2737504776223,38.693070733419965,0.7726635932922363,648.23783826828
48,192.0,0.0002914413069737,0.1,22.573940337288118,5213.781910042098,43.827532001989724,0.7415100932121277,648.8367042541504
49,128.0,0.0031192006208398,0.4,21.684218636938315,2837.1918274495956,39.847312996858726,0.7614846229553223,439.8321862220764
50,128.0,0.0031192006208398,0.3,33.065923461209124,154920.48752036336,44.012245759101,0.4453868269920349,438.23326778411865
51,128.0,0.0031192006208398,0.2,20.204798370951714,2530.9727378111374,44.47055163512563,0.7929201126098633,438.3149290084839
52,128.0,0.0031192006208398,0.1,21.417493528275408,3077.2093975200373,39.88601742084036,0.7673162221908569,435.94660234451294
53,128.0,0.001208384017501,0.4,25.278674184350407,8922.252481170553,43.75735834728904,0.675856351852417,437.14501786231995
54,128.0,0.001208384017501,0.3,23.3804750086252,31960.59746873903,44.808634942299136,0.7227091193199158,438.09571743011475
55,128.0,0.001208384017501,0.2,22.901613451761882,5145.628845754193,46.373235075308536,0.7339513897895813,440.0818705558777
56,128.0,0.001208384017501,0.1,22.605381055698693,3488.3483685710626,37.60583627009818,0.740789532661438,440.35349798202515
57,128.0,0.0008099417447575,0.4,22.582991202480066,4345.265317511052,46.12629388826364,0.7413027286529541,439.49295592308044
